Hand,Played,Won,Even,Lost
AA,31960,63.8%,11.6%,24.6%
AK,84248,43.1%,24.2%,32.8%
AQ,84111,40.5%,24.4%,35.1%
AJ,84361,38.5%,24.8%,36.6%
AT,84211,37.0%,25.0%,38.0%
KK,31323,56.1%,12.3%,31.5%
KQ,84179,38.2%,24.4%,37.5%
KJ,84292,36.1%,25.1%,38.8%
KT,84169,34.4%,25.0%,40.5%
QQ,31754,49.9%,13.4%,36.7%
QJ,84076,33.6%,25.1%,41.4%
QT,84101,32.2%,25.1%,42.7%
JJ,31389,42.5%,14.7%,42.8%
JT,84129,29.8%,24.8%,45.4%
TT,31697,37.5%,15.3%,47.2%
