Hand,Played,Won,Even,Lost
AA,3123,64.9%,11.9%,23.2%
AK,8353,42.8%,24.5%,32.7%
AQ,8357,40.5%,24.9%,34.5%
AJ,8319,38.3%,24.6%,37.0%
AT,8524,36.5%,24.4%,39.1%
KK,3159,54.7%,12.9%,32.4%
KQ,8279,38.2%,24.0%,37.8%
KJ,8389,36.8%,25.4%,37.8%
KT,8368,35.2%,24.4%,40.4%
QQ,3190,49.8%,14.0%,36.1%
QJ,8442,34.5%,25.0%,40.5%
QT,8525,31.0%,26.0%,43.0%
JJ,3151,42.2%,14.5%,43.3%
JT,8632,29.2%,25.2%,45.5%
TT,3189,37.5%,16.0%,46.5%
